%YAML:1.0
---
K : !!opencv-matrix
   rows: 3
   cols: 3
   dt: d
   data: [ 5.0857843555494458e+02, 0., 9.6993620004642924e+02, 0.,
       5.0834313206414981e+02, 5.3170499167455057e+02, 0., 0., 1. ]
D : !!opencv-matrix
   rows: 4
   cols: 1
   dt: d
   data: [ 1.3297679385566083e-01, -2.6585647726562186e-02,
       -5.5746851292678866e-03, 1.5375295326233932e-03 ]
image_size : [ 1920, 1080 ]
