%YAML:1.0
---
matrix1to2: !!opencv-matrix
   rows: 4
   cols: 4
   dt: f
   data: [ 9.28309560e-01, -5.49093559e-02, -3.67731273e-01,
       -6.35134652e-02, 8.22507069e-02, 9.94858742e-01, 5.90840951e-02,
       2.37751734e-02, 3.62596393e-01, -8.50944892e-02, 9.28053200e-01,
       -6.70281146e-03, 0., 0., 0., 1. ]
matrix2to1: !!opencv-matrix
   rows: 4
   cols: 4
   dt: f
   data: [ 9.28309619e-01, 8.22507069e-02, 3.62596363e-01,
       5.94350472e-02, -5.49093522e-02, 9.94858682e-01, -8.50944892e-02,
       -2.77107935e-02, -3.67731243e-01, 5.90840951e-02, 9.28053200e-01,
       -1.85400583e-02, 0., 0., 0., 1. ]
