%YAML:1.0
---
matrix1to3: !!opencv-matrix
   rows: 4
   cols: 4
   dt: f
   data: [ 9.67597842e-01, 4.79521528e-02, -2.47901097e-01,
       -2.42113997e-03, -2.02212512e-01, 7.35125542e-01, -6.47070706e-01,
       -3.05884409e+00, 1.51209995e-01, 6.76232994e-01, 7.21002460e-01,
       3.37303805e+00, 0., 0., 0., 1. ]
