%YAML:1.0
---
K : !!opencv-matrix
   rows: 3
   cols: 3
   dt: d
   data: [ 1.5964243724861569e+02, 0., 9.6334390221633475e+02, 0.,
       1.5968699109504101e+02, 5.2073160583580841e+02, 0., 0., 1. ]
D : !!opencv-matrix
   rows: 4
   cols: 1
   dt: d
   data: [ 1.2760948865243979e-01, -1.1945625156744443e-02,
       -1.6890650986177938e-02, 4.6517976910751251e-03 ]
image_size : [ 1920, 1080 ]
