%YAML:1.0
---
matrix1to6: !!opencv-matrix
   rows: 4
   cols: 4
   dt: f
   data: [ 9.91955340e-01, -3.47991250e-02, -1.21711113e-01,
       -6.05021298e-01, -6.07218873e-03, 9.47285652e-01, -3.20332646e-01,
       -5.97086966e-01, 1.26442492e-01, 3.18494737e-01, 9.39453781e-01,
       5.35331011e+00, 0., 0., 0., 1. ]
matrix6to1: !!opencv-matrix
   rows: 4
   cols: 4
   dt: f
   data: [ 9.91955340e-01, -6.07218128e-03, 1.26442477e-01,
       -8.03572908e-02, -3.47991139e-02, 9.47285652e-01, 3.18494737e-01,
       -1.16044331e+00, -1.21711113e-01, -3.20332646e-01, 9.39453721e-01,
       -5.29409122e+00, 0., 0., 0., 1. ]
