%YAML:1.0
---
K : !!opencv-matrix
   rows: 3
   cols: 3
   dt: d
   data: [ 5.0923978144842755e+02, 0., 9.6682027251016734e+02, 0.,
       5.0943487476968994e+02, 5.0961085236446098e+02, 0., 0., 1. ]
D : !!opencv-matrix
   rows: 4
   cols: 1
   dt: d
   data: [ 1.3100148605321971e-01, -2.1194424862420694e-02,
       -1.0944915635273503e-02, 3.2801109630756320e-03 ]
image_size : [ 1920, 1080 ]
