%YAML:1.0
---
matrix1to3: !!opencv-matrix
   rows: 4
   cols: 4
   dt: f
   data: [ 9.09446001e-01, 5.45862950e-02, 4.12223577e-01,
       5.14263324e-02, -6.67902306e-02, 9.97650564e-01, 1.52442968e-02,
       3.79232079e-04, -4.10422981e-01, -4.13963683e-02, 9.10955191e-01,
       -6.07129186e-03, 0., 0., 0., 1. ]
matrix3to1: !!opencv-matrix
   rows: 4
   cols: 4
   dt: f
   data: [ 9.09446001e-01, -6.67902306e-02, -4.10422951e-01,
       -4.92359437e-02, 5.45862950e-02, 9.97650564e-01, -4.13963720e-02,
       -3.43684363e-03, 4.12223607e-01, 1.52442940e-02, 9.10955131e-01,
       -1.56742521e-02, 0., 0., 0., 1. ]
