%YAML:1.0
---
K : !!opencv-matrix
   rows: 3
   cols: 3
   dt: d
   data: [ 5.0934596628117254e+02, 0., 9.7249972808734083e+02, 0.,
       5.0961636546225890e+02, 5.3409365358599632e+02, 0., 0., 1. ]
D : !!opencv-matrix
   rows: 4
   cols: 1
   dt: d
   data: [ 1.3230718615053350e-01, -2.4421508630291040e-02,
       -7.0326098741059408e-03, 1.9507211721267108e-03 ]
image_size : [ 1920, 1080 ]
