%YAML:1.0
---
K : !!opencv-matrix
   rows: 3
   cols: 3
   dt: d
   data: [ 5.0885362004557271e+02, 0., 9.6468729522860519e+02, 0.,
       5.0899563357550380e+02, 5.1837991718211140e+02, 0., 0., 1. ]
D : !!opencv-matrix
   rows: 4
   cols: 1
   dt: d
   data: [ 1.2760948865243979e-01, -1.1945625156744443e-02,
       -1.6890650986177938e-02, 4.6517976910751251e-03 ]
image_size : [ 1920, 1080 ]
