%YAML:1.0
---
K : !!opencv-matrix
   rows: 3
   cols: 3
   dt: d
   data: [ 1.5410632318610897e+02, 0., 9.6701477635379308e+02, 0.,
       1.5403502296324430e+02, 5.3270188334100624e+02, 0., 0., 1. ]
D : !!opencv-matrix
   rows: 4
   cols: 1
   dt: d
   data: [ 1.3297679385566083e-01, -2.6585647726562186e-02,
       -5.5746851292678866e-03, 1.5375295326233932e-03 ]
image_size : [ 1920, 1080 ]
