%YAML:1.0
---
ground_matrix: !!opencv-matrix
  rows: 4
  cols: 4
  dt: f
  data: [ 4.08833325e-01, -9.72869992e-02, -9.07408834e-01,
          4.36870956e+00, -8.68597627e-01, -3.46533120e-01, -3.54193598e-01,
          4.09308243e+00, -2.79988855e-01, 9.32979226e-01, -2.26177394e-01,
          5.53776598e+00, 0., 0., 0., 1. ]