%YAML:1.0
---
ground_matrix: !!opencv-matrix
   rows: 4
   cols: 4
   dt: f
   data: [ 8.32083523e-01, 5.53620756e-01, -3.37791145e-02,
       8.07549953e-01, 1.43532678e-01, -2.73754239e-01, -9.51029360e-01,
       5.82218587e-01, -5.35756826e-01, 7.86487401e-01, -3.07249069e-01,
       4.37305355e+00, 0., 0., 0., 1. ]
