%YAML:1.0
---
ground_matrix: !!opencv-matrix
  rows: 4
  cols: 4
  dt: f
  data: [ 3.17159414e-01, -1.27765685e-01, -9.39726472e-01,
          4.14235020e+00, -8.86094332e-01, -3.93077523e-01, -2.45615482e-01,
          3.94026327e+00, -3.38004112e-01, 9.10585523e-01, -2.37880707e-01,
          5.49695110e+00, 0., 0., 0., 1. ]
