%YAML:1.0
---
K : !!opencv-matrix
   rows: 3
   cols: 3
   dt: d
   data: [ 5.0839824819188595e+02, 0., 9.5643768976930869e+02, 0.,
       5.0886138293353719e+02, 5.2055524189410471e+02, 0., 0., 1. ]
D : !!opencv-matrix
   rows: 4
   cols: 1
   dt: d
   data: [ 1.3437233401671997e-01, -2.9192965676144558e-02,
       -3.8640182090586938e-03, 1.1111315318089259e-03 ]
image_size : [ 1920, 1080 ]
