%YAML:1.0
---
matrix5to9: !!opencv-matrix
   rows: 4
   cols: 4
   dt: f
   data: [ 9.33763504e-01, -9.37399082e-03, -3.57767910e-01,
       -6.10425286e-02, 6.75185397e-03, 9.99940395e-01, -8.57762061e-03,
       -1.73685234e-03, 3.57826978e-01, 5.59387263e-03, 9.33771133e-01,
       -1.10024596e-02, 0., 0., 0., 1. ]
matrix9to5: !!opencv-matrix
   rows: 4
   cols: 4
   dt: f
   data: [ 9.33763504e-01, 6.75185397e-03, 3.57827008e-01,
       6.09479882e-02, -9.37398989e-03, 9.99940395e-01, 5.59387263e-03,
       1.22608303e-03, -3.57767880e-01, -8.57762061e-03, 9.33771193e-01,
       -1.15801767e-02, 0., 0., 0., 1. ]
