%YAML:1.0
---
K : !!opencv-matrix
   rows: 3
   cols: 3
   dt: d
   data: [ 5.0899783921994077e+02, 0., 9.5260190863302284e+02, 0.,
       5.0949775082848510e+02, 5.2453922606653020e+02, 0., 0., 1. ]
D : !!opencv-matrix
   rows: 4
   cols: 1
   dt: d
   data: [ 1.3553054032050191e-01, -3.5171453520038497e-02,
       -4.2455197673941212e-04, 5.5159926938988079e-04 ]
image_size : [ 1920, 1080 ]
