%YAML:1.0
---
matrix5to8: !!opencv-matrix
   rows: 4
   cols: 4
   dt: f
   data: [ 9.45232689e-01, -1.28892809e-02, 3.26142728e-01,
       5.92470057e-02, 1.81827638e-02, 9.99747694e-01, -1.31872194e-02,
       -1.68315441e-04, -3.25890481e-01, 1.83951668e-02, 9.45228577e-01,
       -9.67567880e-03, 0., 0., 0., 1. ]
matrix8to5: !!opencv-matrix
   rows: 4
   cols: 4
   dt: f
   data: [ 9.45232630e-01, 1.81827638e-02, -3.25890422e-01,
       -5.91523573e-02, -1.28892781e-02, 9.99747694e-01, 1.83951650e-02,
       1.10990973e-03, 3.26142728e-01, -1.31872185e-02, 9.45228517e-01,
       -1.01794731e-02, 0., 0., 0., 1. ]
