%YAML:1.0
---
ground_matrix: !!opencv-matrix
   rows: 4
   cols: 4
   dt: f
   data: [ 1.29589856e-01, 9.90734577e-01, 4.06419635e-02,
       4.13880491e+00, 2.62819201e-01, 5.20223379e-03, -9.64831173e-01,
       3.93502331e+00, -9.56102908e-01, 1.35713756e-01, -2.59709805e-01,
       5.49263239e+00, 0., 0., 0., 1. ]
