%YAML:1.0
---
K : !!opencv-matrix
   rows: 3
   cols: 3
   dt: d
   data: [ 5.1061466799829424e+02, 0., 9.5211417735726718e+02, 0.,
       5.1094307688604226e+02, 5.3094511639776249e+02, 0., 0., 1. ]
D : !!opencv-matrix
   rows: 4
   cols: 1
   dt: d
   data: [ 1.3761370259116992e-01, -3.6433001993163072e-02,
       4.2416712314340557e-05, 4.7400700487255432e-04 ]
image_size : [ 1920, 1080 ]
