%YAML:1.0
---
K : !!opencv-matrix
   rows: 3
   cols: 3
   dt: d
   data: [ 1.5280696836888976e+02, 0., 9.5446237207624324e+02, 0.,
       1.5290524828458214e+02, 5.3209657871311913e+02, 0., 0., 1. ]
D : !!opencv-matrix
   rows: 4
   cols: 1
   dt: d
   data: [ 1.3761370259116992e-01, -3.6433001993163072e-02,
       4.2416712314340557e-05, 4.7400700487255432e-04 ]
image_size : [ 1920, 1080 ]
