%YAML:1.0
---
ground_matrix: !!opencv-matrix
   rows: 4
   cols: 4
   dt: f
   data: [ -9.99040008e-01, -4.37156893e-02, -2.82747112e-03,
       4.11678314e+00, -2.52923183e-02, 6.28300071e-01, -7.77559936e-01,
       4.58611727e-01, 3.57680693e-02, -7.76741922e-01, -6.28802478e-01,
       5.86741447e+00, 0., 0., 0., 1. ]
